0 -> 19,26
1 -> 2,13,19,36,65
2 -> 7,17,58,60
3 -> 25,26,36,40,51,71
4 -> 9,13,22,30,45,54
5 -> 4,7,54,55
6 -> 13,43,64
7 -> 26,58,65
8 -> 9,22,26,30,54,64
9 -> 26,43,46,51,55
10 -> 13,17,24,26,32
11 -> 26,48,52,56,69
12 -> 10,21,23,24,42,51
13 -> 46
14 -> 46,55
15 -> 72
16 -> 37,40
17 -> 26,43,51,55
18 -> 7,17,23,32,39
19 -> 9,64
20 -> 14,49,55
21 -> 5,7,17,30,31,40,57,58
22 -> 17,51
23 -> 19
24 -> 8,22,43,51,64
25 -> 4,13,14,17,19,54,63,72
26 -> 43,45,46,51
27 -> 4,24,49,51,58
28 -> 13,16,26,30,37,43,64
29 -> 21,23,24,34,67
30 -> 13,14,26,54
31 -> 13,17,43,58
32 -> 6,8,14,54
33 -> 6,9,32
34 -> 2,33,36
35 -> 10,23,32,52,54
36 -> 20,22,43
37 -> 32
38 -> 67
39 -> 44,45,56,58
40 -> 9
41 -> 9,39,56
42 -> 32,44,52,58
43 -> 46,51
44 -> 9,58,65
45 -> 46,55
46 -> 51
47 -> 4,7,15,19
48 -> 23,33,43,51
49 -> 65
50 -> 18,31,35,36,60,66
52 -> 8,13,32,51,54,64,65
53 -> 0,2,15,17,26,29,38,60,64
54 -> 13,26,43
55 -> 43,46,51
56 -> 9,14,20,27,46,54
57 -> 6,19,33,67
58 -> 4,8,13
59 -> 12,18,38,60
60 -> 4,9,24,31,33,63,72
61 -> 24,25,27,43,58,65
62 -> 5,8,63
63 -> 6,20,22,36,42,46,52
64 -> 17,26,30,55
65 -> 9,22
66 -> 6,22,30,31,67
67 -> 13,30,31,58,65
68 -> 22
69 -> 10,18,20,36
70 -> 8,21,30,38,46
71 -> 20,33,37
72 -> 7,10,31,37,39,43,45,64
