0 -> 6,17,19,44
1 -> 40,66
2 -> 21,46
3 -> 2,7,14,41,44,46
4 -> 5,9,19,34,38,47,54
5 -> 2,20
6 -> 2,14,19,21,31,46
7 -> 6,14,30,31,41,53
8 -> 18,35,67
9 -> 21,27,30,54,63
10 -> 3,9,45,46,63
11 -> 3,21,24,46,54
12 -> 53
13 -> 6,10,28,41,65
14 -> 2,19,21,31,46
15 -> 7,14,19,30,31,45,46,47
16 -> 10,33,65
17 -> 6,14,31
18 -> 6,17,28,34,48,54,63
20 -> 3,6,24,28,30
21 -> 46
22 -> 3,20,23,28,30,33,40,44,60
23 -> 10,45,47
24 -> 14,17,21,31,53,61
25 -> 16,22,34,40,65
26 -> 13,14,27,38,51,55,57
27 -> 6,14,21,31,67
28 -> 6,14,61,67
29 -> 1,35,39,52,56
30 -> 2,14,19,41
31 -> 2,19,21,46
32 -> 2,17,30,31,33,44,61,67
33 -> 14,17,24,28,44,54,61
34 -> 7,19,24,27,33,53,54,65
35 -> 3,13,30,32,41,43,47,59,66
36 -> 12,27,32,63
37 -> 3,17,45
38 -> 23,61
39 -> 0,11,13,43,46
40 -> 7,21,24,44,67
41 -> 6,14,21,53
42 -> 3,6,30,31,67
43 -> 2,6,24,28,45,47,63
44 -> 30,67
45 -> 11,17,30,34,42,66,67
46 -> 19,53
47 -> 28,65
49 -> 10,11,27,41,43,47
50 -> 17,21,27,28,30,31,54
51 -> 30,35
52 -> 28,32,42
53 -> 19
54 -> 14,21
55 -> 1,5,17,19,34,39,42,50,66
56 -> 20
57 -> 6,9,13,31,33,44,45,46,47,56
58 -> 9,14,35,40,56,57
59 -> 10,45
60 -> 24,31,46,50,51,65
61 -> 2,6,19,21,31
62 -> 5,7,14,39
63 -> 3,45,52,54,66
64 -> 17,18,24,31,35,62
65 -> 2,6,21,41,53
66 -> 3,6,11,17,27,41,42
67 -> 6,53,61
